0.002170079962657635
0.0018324504425413363
0.0020876193678075086
0.0020898787775100345
0.0019645795663655423
0.002218893402912192
0.002030153226012262
0.002051235205992856
0.001910659816722282
0.002517017096174322
0.001989933889816187
0.002138802746284586
0.0018107740435219415
0.002027875151553146
0.002208090329864294
0.0020616022907864336
0.0022405483317462665
0.0032307640360820468
0.002174514381670635
0.0018549218245885366
0.0019705483826631793
0.002025003814157038
0.0022087120131209443
0.002165243460267979
0.002309110678963909
0.0020622454931039165
0.0018226774298058597
0.0018492118401100732
0.0026695723850727925
0.0022843093239679757
0.002365203743657957
0.002137959213290266
0.0020510671600311873
0.002070794581005595
0.0022143906311955213
0.0018807175153815975
0.0029313087921491103
0.0018970252900770116
0.0018268969748101676
0.002321290916037933
0.0018516863356024813
0.0020663824379322064
0.0021233443860491905
0.002000431095790436
0.002221449447633538
0.0023737746466543424
0.0019987896572757715
0.00201587649001926
0.0018733060710725234
0.0019228463510083465
0.0020231543322837284
0.002038462046421464
0.0020347107066802
0.0021589621456764747
0.0020899350368242535
0.0020074874483497315
0.0017572287385984131
0.0021034365317890613
0.0022613348645065205
0.0018706649705336436
0.001930858250262902
0.0017919945879148285
0.0021483677116730746
0.0019296725415421695
0.002692029661761833
0.002779950660059139
0.00207328467642234
0.002423006261399981
0.0023400998396749372
0.002274228051451634
0.001995404024419541
0.0017728896641891635
0.0018342148562673962
0.0019806571482173423
0.0018227221346781178
0.0019209055733110014
0.0018322859998880327
0.0018733470412858678
0.0022254137488712453
0.0018348868916146577
0.0019337294523931396
0.0021651440490042797
0.0019063338762879331
0.0023485767723766897
0.001981631370908366
0.0023233757634330407
0.0022151934906437434
0.001904699548536292
0.002149609478294823
0.0017513585720224521
0.0026742096492175086
0.0024777040350791066
0.001881045807198723
0.001989960548579351
0.0019405174447242306
0.002677296966358613
0.002294149919453794
0.002073850080323439
0.0019578082964442274
0.0020651091231797033